1254.50     0.00        1.00        2.00        1182.20     1.70        0.00        4.70        0.00        2446.20     
2059.00     0.00        0.00        1.00        138.00      0.00        0.00        0.00        0.00        2198.10     
556.10      0.00        0.00        4.20        336.20      0.00        0.00        0.00        0.00        896.60      
104.60      0.00        0.00        0.00        473.80      0.00        0.00        29.20       6.20        613.70      
292.10      0.00        0.00        0.40        136.10      0.00        0.00        0.00        0.00        428.60      
50.80       0.00        0.00        0.20        19.40       0.00        0.00        2.00        0.00        72.60       
84.40       0.00        0.00        2.90        299.40      0.00        0.00        76.90       1.00        464.60      
100.20      0.00        0.00        1.90        255.10      0.00        0.00        4.00        0.00        361.20      
34.70       0.00        0.00        0.10        76.10       0.00        0.00        0.00        0.00        110.80      
41.60       0.00        0.00        0.10        6.20        0.00        0.00        0.00        0.00        47.90       
4578.20     0.00        1.00        12.70       2922.70     1.70        0.00        116.80      7.20        7640.20     
