12474.40    15.90       4.50        24.80       10183.60    0.00        0.00        215.90      0.00        22919.20    
22245.00    0.00        0.00        8.90        1432.40     0.00        0.00        0.00        0.00        23686.20    
8983.60     0.00        0.00        37.00       3638.60     0.00        0.00        0.00        0.00        12659.20    
690.90      0.00        0.00        0.70        5603.40     0.00        0.00        921.90      0.00        7216.90     
2098.50     0.00        0.00        0.40        1775.20     0.00        0.00        0.00        0.00        3874.10     
529.90      0.00        0.00        5.50        207.60      0.00        0.00        15.20       0.00        758.20      
631.30      0.00        0.00        12.00       4143.00     0.00        0.00        1488.40     0.00        6274.80     
271.10      0.00        0.00        14.70       2311.10     0.00        0.00        24.70       0.00        2621.50     
414.90      0.00        0.00        0.10        1000.60     0.00        0.00        27.40       0.00        1443.10     
419.40      0.00        0.00        0.10        0.90        0.00        0.00        0.00        0.00        420.40      
48759.00    15.90       4.50        104.20      30296.30    0.00        0.00        2693.50     0.00        81873.60    
