22367.50    17.60       4.70        62.50       10415.20    0.00        0.00        257.20      0.00        33124.70    
23526.50    0.00        0.00        8.30        1419.30     0.00        0.00        0.00        0.00        24954.10    
10385.10    0.00        0.00        37.20       3696.50     0.00        0.00        1.20        0.00        14120.00    
677.40      0.00        0.00        8.80        5773.20     0.00        0.00        917.80      0.00        7377.20     
2130.30     0.00        0.00        0.60        1841.30     0.00        0.00        0.00        0.00        3972.20     
917.10      0.00        0.00        5.70        267.60      0.00        0.00        15.20       0.00        1205.50     
615.30      0.00        0.00        14.60       4493.90     0.00        0.00        1530.70     0.00        6654.60     
655.20      0.00        0.00        14.50       2369.20     0.00        0.00        0.00        0.00        3039.00     
547.60      0.00        0.00        0.10        1000.90     0.00        0.00        27.40       0.00        1576.00     
464.10      0.00        0.00        0.10        48.20       0.00        0.00        0.00        0.00        512.40      
62285.90    17.60       4.70        152.40      31325.40    0.00        0.00        2749.50     0.00        96535.70    
