1751.90     1.50        1.00        5.10        1285.50     0.20        0.00        6.10        0.00        3051.40     
2426.70     0.00        0.00        1.00        131.80      0.00        0.00        0.00        0.00        2559.50     
722.40      0.00        0.00        4.90        354.20      0.00        0.00        0.10        0.00        1081.60     
108.90      0.00        0.00        1.00        592.60      0.00        0.00        30.90       0.00        733.40      
348.60      0.00        0.00        0.40        208.40      0.00        0.00        0.00        0.00        557.40      
66.60       0.00        0.00        0.20        28.80       0.00        0.00        2.00        0.00        97.60       
72.60       0.00        0.00        3.40        391.90      0.00        0.00        85.50       0.00        553.40      
95.40       0.00        0.00        1.90        285.00      0.00        0.00        0.00        0.00        382.30      
42.30       0.00        0.00        0.10        96.80       0.00        0.00        0.40        0.00        139.60      
65.20       0.00        0.00        0.10        6.40        0.00        0.00        0.00        0.00        71.60       
5700.50     1.50        1.00        18.10       3381.40     0.20        0.00        125.00      0.00        9227.80     
