2182.30     1.50        0.00        13.70       1318.50     0.20        0.00        7.70        0.00        3523.90     
2446.20     0.00        0.00        1.00        132.10      0.00        0.00        0.00        0.00        2579.30     
783.20      0.00        0.00        4.90        358.70      0.00        0.00        0.20        0.00        1147.10     
129.70      0.00        0.00        1.00        585.80      0.00        0.00        27.40       0.00        744.00      
354.60      0.00        0.00        0.40        209.50      0.00        0.00        0.00        0.00        564.40      
70.30       0.00        0.00        0.30        26.80       0.00        0.00        2.00        0.00        99.30       
64.20       0.00        0.00        8.40        403.60      0.00        0.00        87.70       0.00        563.90      
89.70       0.00        0.00        1.90        286.50      0.00        0.00        0.00        0.00        378.00      
68.50       0.00        0.00        0.10        110.70      0.00        0.00        0.00        0.00        179.40      
70.50       0.00        0.00        0.10        5.50        0.00        0.00        0.00        0.00        76.10       
6259.20     1.50        0.00        31.70       3437.70     0.20        0.00        125.10      0.00        9855.50     
