2767.10     0.20        0.00        10.80       1411.30     0.00        0.00        10.90       0.00        4200.40     
2571.30     0.00        0.00        1.00        136.60      0.00        0.00        0.00        0.00        2709.00     
834.80      0.00        0.00        4.90        358.30      0.00        0.00        0.20        0.00        1198.30     
95.10       0.00        0.00        1.00        556.90      0.00        0.00        25.10       0.00        678.20      
358.00      0.00        0.00        0.40        212.50      0.00        0.00        0.00        0.00        570.80      
70.20       0.00        0.00        0.30        31.70       0.00        0.00        2.00        0.00        104.20      
63.80       0.00        0.00        8.40        425.20      0.00        0.00        86.70       0.00        584.10      
92.50       0.00        0.00        1.90        288.90      0.00        0.00        0.00        0.00        383.30      
65.00       0.00        0.00        0.10        123.80      0.00        0.00        0.00        0.00        188.90      
70.40       0.00        0.00        0.10        17.50       0.00        0.00        0.00        0.00        88.00       
6988.20     0.20        0.00        28.90       3562.90     0.00        0.00        124.90      0.00        10705.10    
