7738.30     1138.80     118.70      18.80       9078.70     44.80       2.60        189.50      16.30       18346.50    
20592.30    9.30        0.90        8.90        1365.40     0.00        0.00        0.00        0.00        21976.70    
7991.90     0.00        0.00        37.10       3324.90     5.20        0.00        0.00        0.00        11359.20    
749.20      10.20       0.00        0.70        4539.10     400.60      0.00        797.00      83.10       6579.80     
1841.70     0.00        0.00        0.40        1526.90     0.00        0.00        0.00        0.00        3369.00     
433.80      0.00        0.00        5.60        188.30      0.00        0.00        15.20       0.00        642.70      
625.50      0.00        0.90        40.70       3216.50     186.50      0.00        1444.20     9.10        5523.40     
211.50      0.00        9.30        14.50       2141.60     24.70       0.00        32.90       1.80        2436.20     
387.20      3.50        0.00        0.00        778.50      301.50      0.00        0.00        0.00        1470.80     
309.20      0.00        0.00        0.10        63.40       0.00        0.00        0.00        0.00        372.70      
40880.70    1161.70     129.70      126.70      26223.30    963.40      2.60        2478.70     110.20      72077.00    
