8438.90     23.20       13.80       20.70       9916.30     0.00        0.00        180.50      0.00        18593.50    
21674.10    0.00        0.00        3.40        1465.20     0.00        0.00        0.00        0.00        23142.60    
8583.10     0.00        0.00        41.90       3588.20     0.00        0.00        0.00        0.00        12213.20    
761.90      0.00        0.00        0.70        5033.30     0.00        0.00        914.80      0.00        6710.70     
1954.50     0.00        0.00        0.40        1671.10     0.00        0.00        0.00        0.00        3626.00     
487.90      0.00        0.00        5.50        196.50      0.00        0.00        15.20       0.00        705.20      
624.80      0.00        0.00        12.00       3722.10     0.00        0.00        1566.10     0.00        5925.00     
233.80      0.00        0.00        14.70       2299.00     0.00        0.00        24.70       0.00        2572.20     
399.90      0.00        0.00        0.00        770.90      0.00        0.00        0.00        0.00        1170.80     
415.60      0.00        0.00        0.10        33.60       0.00        0.00        0.00        0.00        449.30      
43574.50    23.20       13.80       99.40       28696.20    0.00        0.00        2701.20     0.00        75108.30    
