1347.40     1.50        1.00        2.30        1228.00     0.20        0.00        4.80        0.00        2585.20     
2221.90     0.00        0.00        0.70        136.60      0.00        0.00        0.00        0.00        2359.20     
609.40      0.00        0.00        4.50        341.10      0.00        0.00        0.00        0.00        954.90      
104.10      0.00        0.00        0.00        522.00      0.00        0.00        36.50       0.00        662.60      
297.60      0.00        0.00        0.40        144.50      0.00        0.00        0.00        0.00        442.50      
55.10       0.00        0.00        0.20        20.50       0.00        0.00        2.00        0.00        77.90       
84.60       0.00        0.00        2.20        327.40      0.00        0.00        82.70       0.00        497.00      
95.20       0.00        0.00        1.90        268.50      0.00        0.00        3.00        0.00        368.60      
40.10       0.00        0.00        0.10        95.50       0.00        0.00        0.00        0.00        135.70      
47.80       0.00        0.00        0.10        3.20        0.00        0.00        0.00        0.00        51.10       
4903.20     1.50        1.00        12.40       3087.40     0.20        0.00        129.10      0.00        8134.70     
