1406.80     1.50        1.00        2.60        1271.70     0.20        0.00        4.90        0.00        2688.80     
2294.10     0.00        0.00        1.00        133.80      0.00        0.00        0.00        0.00        2428.90     
645.60      0.00        0.00        4.60        350.90      0.00        0.00        0.00        0.00        1001.10     
95.60       0.00        0.00        0.00        549.40      0.00        0.00        32.90       0.00        678.00      
319.60      0.00        0.00        0.40        189.10      0.00        0.00        0.00        0.00        509.00      
57.90       0.00        0.00        0.20        21.40       0.00        0.00        2.00        0.00        81.60       
84.60       0.00        0.00        2.20        370.60      0.00        0.00        79.90       0.00        537.20      
102.00      0.00        0.00        1.90        275.80      0.00        0.00        3.00        0.00        382.80      
42.00       0.00        0.00        0.10        97.70       0.00        0.00        0.40        0.00        140.20      
46.90       0.00        0.00        0.10        0.40        0.00        0.00        0.00        0.00        47.40       
5095.10     1.50        1.00        13.10       3260.80     0.20        0.00        123.20      0.00        8494.80     
