1468.60     1.50        1.00        3.60        1269.20     0.20        0.00        6.80        0.10        2751.00     
2386.50     0.00        0.00        1.00        134.40      0.00        0.00        0.00        0.00        2521.80     
665.50      0.00        0.00        4.90        352.20      0.00        0.00        0.00        0.00        1022.60     
108.70      0.00        0.00        0.00        597.40      0.00        0.00        31.50       0.00        737.60      
337.40      0.00        0.00        0.40        206.60      0.00        0.00        0.00        0.00        544.30      
61.40       0.00        0.00        0.40        26.80       0.00        0.00        2.00        0.00        90.50       
81.10       0.00        0.00        3.40        371.60      0.00        0.00        82.20       0.00        538.30      
92.70       0.00        0.00        1.90        282.60      0.00        0.00        3.00        0.00        380.20      
43.90       0.00        0.00        0.10        90.60       0.00        0.00        0.40        0.00        135.00      
58.60       0.00        0.00        0.10        2.50        0.00        0.00        0.00        0.00        61.20       
5304.20     1.50        1.00        15.60       3333.90     0.20        0.00        125.90      0.10        8782.50     
