10574.30    17.60       4.70        49.50       10292.90    0.00        0.00        266.50      1.30        21206.80    
23423.10    0.00        0.00        8.30        1440.70     0.00        0.00        0.00        0.00        24872.10    
9798.00     0.00        0.00        36.40       3687.70     0.00        0.00        0.00        0.00        13522.10    
680.30      0.00        0.00        0.70        5865.20     0.00        0.00        899.70      0.00        7445.80     
2091.00     0.00        0.00        0.60        1817.10     0.00        0.00        0.00        0.00        3908.60     
648.70      0.00        0.00        5.70        267.60      0.00        0.00        15.20       0.00        937.10      
677.50      0.00        0.00        14.70       4254.50     0.00        0.00        1519.90     0.00        6466.50     
628.80      0.00        0.00        14.70       2381.30     0.00        0.00        24.70       0.00        3049.50     
585.30      0.00        0.00        0.10        941.20      0.00        0.00        27.40       0.00        1554.00     
445.10      0.00        0.00        0.10        6.70        0.00        0.00        0.00        0.00        452.00      
49552.10    17.60       4.70        130.70      30954.80    0.00        0.00        2753.30     1.30        83414.50    
