37334.20    0.50        0.00        97.40       10813.20    2.60        0.00        294.50      0.00        48542.40    
23773.80    0.00        23.60       8.40        1439.20     0.00        0.00        0.00        0.00        25245.00    
10054.20    0.00        0.00        37.00       3916.90     0.00        0.00        1.30        0.00        14009.40    
884.90      0.00        0.00        8.90        5981.70     0.00        0.00        866.40      0.00        7741.80     
3042.10     0.00        0.00        0.80        1850.20     0.00        0.00        0.00        0.00        4893.20     
929.60      0.00        0.00        11.00       265.50      0.00        0.00        15.30       0.00        1221.30     
654.00      0.00        0.00        25.10       4620.10     0.00        0.00        1580.90     0.00        6880.10     
820.10      0.00        0.00        14.50       3036.80     0.00        0.00        0.00        0.00        3871.40     
826.20      0.00        0.00        0.10        1171.80     0.00        0.00        0.00        0.00        1998.20     
462.30      0.00        0.00        0.50        53.10       0.00        0.00        0.00        0.00        515.90      
78781.40    0.50        23.60       203.80      33148.60    2.60        0.00        2758.40     0.00        114918.90   
