58891.40    0.50        0.00        73.30       11424.60    2.60        0.00        312.10      0.00        70704.50    
25343.20    0.00        23.60       8.40        1486.50     0.00        0.00        0.00        0.00        26861.70    
10798.90    0.00        0.60        37.00       3927.90     0.00        0.00        1.30        0.00        14765.80    
734.30      0.00        0.00        8.90        5654.90     0.00        0.00        774.90      0.00        7173.00     
3057.80     0.00        0.00        0.80        1875.90     0.00        0.00        0.00        0.00        4934.40     
976.70      0.00        0.00        11.20       307.60      0.00        0.00        15.30       0.00        1310.80     
633.00      0.00        0.00        25.20       4642.80     0.60        0.00        1569.50     0.00        6871.10     
854.00      0.00        0.00        14.50       3089.80     0.00        0.00        0.00        0.00        3958.30     
875.40      0.00        0.00        0.10        1270.00     0.00        0.00        0.00        0.00        2145.60     
453.70      0.00        0.00        0.50        157.80      0.00        0.00        0.00        0.00        612.00      
102618.30   0.50        24.20       180.00      33837.80    3.20        0.00        2673.10     0.00        139337.10   
